D1 -0.17343246113994173 -1.0954394791291493 -0.06693566365946661 -0.17343246113994246 -1.0954394791291493 -0.06693566365946678
SE12 1.50600378612411 -0.2969160727635966 4.859197179965897 1.506003786124113 -0.29691607276359605 4.859197179965894
SE19 1.680605462675223 -0.3210145281689115 5.253581847178838 1.680605462675225 -0.3210145281689121 5.253581847178835
SE37 0.5819064470573957 -0.3579541300835852 5.85811904108063 0.5819064470573958 -0.35795413008358545 5.85811904108063
SE45 0.7340611667342778 -0.33674861064070927 5.511078884859182 0.7340611667342799 -0.3367486106407091 5.511078884859182
SE46 2.4212325277856004 -0.22961806361403594 3.7578277147391486 2.421232527785603 -0.2296180636140348 3.7578277147391486
D2 -0.12445849808669296 -0.7985541673947735 -0.04879480261665858 -0.12445849808669401 -0.7985541673947729 -0.048794802616658486
SE29 1.5212435118953502 -0.30917183905914863 5.0597696328727695 1.5212435118953536 -0.30917183905914875 5.059769632872768
SE49 0.2608071551067455 -0.1971689691678385 3.2267801808087526 0.2608071551067469 -0.19716896916783805 3.2267801808087517
D3 -0.2270112264297677 -2.035025173724347 -0.1243480476669045 -0.22701122642976765 -2.035025173724348 -0.12434804766690478
SE2 1.068670764925435 -0.3197911412174303 5.233560437191465 1.0686707649254341 -0.31979114121743146 5.2335604371914615
SE18 0.8359997563116555 -0.364010363024471 5.957232671924702 0.8359997563116555 -0.36401036302447015 5.957232671924702
SE22 0.4073624547048983 -0.3324095536746859 5.4400677968545414 0.40736245470490134 -0.3324095536746866 5.440067796854543
SE36 -1.3731937795172424 -0.15822966378304412 2.5895167239858123 -1.3731937795172435 -0.1582296637830443 2.5895167239858123
D4 -0.19990226956552412 -3.7737457753753647 -0.23059071976999457 -0.19990226956552404 -3.773745775375365 -0.23059071976999504
SE4 -0.007124676758970099 -0.2923261869053202 4.784081137202331 -0.007124676758970955 -0.29232618690532014 4.784081137202331
SE14 -1.213371113192695 -0.23521865096520844 3.849484451303366 -1.2133711131926963 -0.23521865096520816 3.8494844513033635
SE21 -0.7100900916792233 -0.24023820739172116 3.9316322926289446 -0.7100900916792244 -0.24023820739172239 3.931632292628943
SE28 -0.13333736758336723 -0.3058626383853405 5.005612717646048 -0.13333736758336698 -0.3058626383853408 5.00561271764605
SE30 0.8325992925666045 -0.3277945972674617 5.364541460570598 0.8325992925666054 -0.3277945972674619 5.364541460570598
SE35 1.5229796947126875 -0.31938304906222165 5.226881781397245 1.5229796947126915 -0.3193830490622223 5.2268817813972435
SE40 -0.7651210914495463 -0.17797181382413185 2.912608023534628 -0.7651210914495471 -0.1779718138241328 2.912608023534628
SE42 -1.1906909151092036 -0.191167149029951 3.1285570458426037 -1.190690915109206 -0.19116714902995216 3.128557045842604
D5 0.2771758112237358 -4.123897424890795 -0.2519863636995021 0.2771758112237357 -4.123897424890797 -0.25198636369950256
SE1 -1.2564111242022367 -0.1206398364849416 1.9743382289240974 -1.2564111242022369 -0.12063983648494198 1.9743382289240967
SE9 -0.6660557259097775 -0.08084174947665825 1.323020331719305 -0.6660557259097789 -0.08084174947665801 1.323020331719304
SE10 -1.2681443762758122 -0.1214288474895567 1.9872508342030835 -1.2681443762758147 -0.12142884748955614 1.987250834203083
SE15 -1.745513694476352 -0.14020167564553168 2.294478640318289 -1.7455136944763543 -0.14020167564553196 2.294478640318289
SE17 -0.5918472772158935 -0.08333901613070621 1.363889493735459 -0.5918472772158934 -0.0833390161307066 1.363889493735459
SE26 -1.2683223617297277 -0.21923862981522832 3.5879624899456046 -1.26832236172973 -0.219238629815228 3.5879624899456033
SE33 -0.7492840771110695 -0.23412752703272005 3.831627599411231 -0.7492840771110698 -0.23412752703272116 3.8316275994112323
SE38 -1.4208740146721892 -0.24490939431371428 4.008078872657991 -1.420874014672191 -0.24490939431371347 4.008078872657992
SE41 -1.907981018952375 -0.16587946351854774 2.7147099644732 -1.9079810189523774 -0.16587946351854804 2.7147099644731996
SE43 -1.6544332720056711 -0.23786378246690007 3.8927735040448512 -1.6544332720056745 -0.23786378246689957 3.892773504044851
D6 -0.10824256919831876 -3.8403949768254226 -0.23466324829980464 -0.10824256919831783 -3.840394976825423 -0.23466324829980464
D7 -0.12578049922991363 -4.232051497581756 -0.2585950032190482 -0.125780499229914 -4.232051497581754 -0.2585950032190483
SE5 0.050423108976465 -0.10184802256584069 1.6667997102032015 0.050423108976465465 -0.1018480225658405 1.6667997102032015
SE7 -0.09158784771052736 -0.11717720664684497 1.9176703598258134 -0.09158784771052657 -0.11717720664684547 1.917670359825813
D8 -0.26443378318356925 -3.1159697496998806 -0.1903980156939315 -0.26443378318357047 -3.1159697496998797 -0.19039801569393153
SE34 0.41595562866374863 -0.03565878829866429 0.5835759645111235 0.4159556286637499 -0.035658788298664305 0.5835759645111231
D9 0.3086357709610361 -4.368821106252565 -0.26695216461339866 0.30863577096103645 -4.368821106252565 -0.26695216461339943
SE3 -0.9537174091671506 -0.06303278396995095 1.03156667559742 -0.9537174091671528 -0.06303278396995082 1.03156667559742
SE8 -1.3218066298846762 -0.09922927344775401 1.6239424198881056 -1.3218066298846793 -0.09922927344775329 1.623942419888106
SE16 -0.6399753592029026 -0.033752872959214565 0.5523845966727087 -0.6399753592029036 -0.0337528729592148 0.5523845966727089
SE25 -1.177511236264496 -0.09784812538824877 1.601339161353146 -1.1775112362644984 -0.0978481253882486 1.601339161353145
SE31 -1.3562674499639915 -0.14042432251297865 2.2981223805185227 -1.3562674499639948 -0.14042432251297846 2.2981223805185227
SE47 -0.303671526852312 -0.08719796542812115 1.4270433518917307 -0.30367152685231197 -0.08719796542812142 1.4270433518917311
D10 0.04125489045836831 -3.757301368454577 -0.2295859017844287 0.041254890458367804 -3.7573013684545775 -0.22958590178442784
D11 -0.17932979881060246 -2.8104023032232788 -0.1717266420467998 -0.17932979881060213 -2.8104023032232788 -0.17172664204679972
D12 0.10084768966568601 -4.5767468520313574 -0.27965724604487874 0.10084768966568651 -4.576746852031358 -0.27965724604487874
SE44 -0.7738792642702438 -0.08773067632862806 1.4357614629774071 -0.7738792642702456 -0.08773067632862737 1.4357614629774058
D13 0.24765187042025624 -2.999688431695332 -0.183292769498113 0.24765187042025621 -2.9996884316953327 -0.18329276949811293
SE6 -0.45660193838082436 -0.041873621454875345 0.6852851763619129 -0.45660193838082463 -0.041873621454874915 0.6852851763619129
SE13 -0.8693274542113036 -0.06404043247719668 1.0480574055846168 -0.8693274542113049 -0.06404043247719615 1.0480574055846166
SE20 -1.0592229422618025 -0.09378421109363394 1.5348309366679196 -1.0592229422618045 -0.09378421109363361 1.534830936667919
D14 0.04098600800394144 -3.4773218764884652 -0.2124780528682195 0.040986008003941685 -3.477321876488464 -0.21247805286821905
SE11 -0.5999705688912835 -0.06290404454963365 1.029459783160314 -0.599970568891285 -0.06290404454963264 1.029459783160314
D15 0.14133729523647745 -4.594285385202885 -0.2807289194506822 0.14133729523647853 -4.594285385202886 -0.2807289194506821
SE32 -0.1040672573537389 -0.012183990539815184 0.19939780262060428 -0.10406725735373862 -0.012183990539815065 0.1993978026206042
D16 -0.04969484627427991 -1.2522483676535043 -0.07651730392445419 -0.049694846274280294 -1.2522483676535043 -0.07651730392445448
D17 0.1285226285803159 -4.715810756297222 -0.2881545979300888 0.12852262858031735 -4.715810756297222 -0.2881545979300893
SE48 0.17376022855061193 -0.03292430060833446 0.5388245478908366 0.17376022855061318 -0.032924300608334255 0.5388245478908359
D18 0.19015150798248578 -4.718224697899663 -0.2883020992629083 0.19015150798248667 -4.718224697899664 -0.2883020992629088
SE24 -0.20746158282553012 -0.02526885138858876 0.41353885044198796 -0.20746158282553 -0.02526885138858866 0.4135388504419883
D19 -0.14948434359776017 -1.8355447413058263 -0.1121590081212185 -0.14948434359776003 -1.8355447413058263 -0.1121590081212186
D20 0.029660242563279145 -0.7859878286757298 -0.04802694986170975 0.02966024256327958 -0.7859878286757304 -0.048026949861709904
D21 -0.19560389472750778 -2.1160103647652986 -0.12929656158501174 -0.19560389472750758 -2.1160103647653 -0.1292965615850121
D22 -0.1404038894425347 -2.5535560488243183 -0.15603232499487998 -0.14040388944253465 -2.5535560488243187 -0.15603232499488
D23 -0.28528809116775417 -1.7669780712069818 -0.1079693147101009 -0.2852880911677549 -1.7669780712069825 -0.10796931471010061
D24 0.009323758892820498 -0.6081322891699575 -0.037159276385311635 0.00932375889282078 -0.6081322891699578 -0.03715927638531164
D25 0.04489492854264455 -1.1740006155046705 -0.0717360582968023 0.04489492854264414 -1.1740006155046703 -0.07173605829680248
D26 0.046890414266895504 -4.493632540395515 -0.27457863447852576 0.04689041426689586 -4.493632540395517 -0.274578634478526
D27 0.12859136676294192 -3.2763177100955274 -0.20019590717950952 0.12859136676294286 -3.276317710095528 -0.2001959071795088
D28 -0.09837218516532127 -0.37398979059185095 -0.022852248172606816 -0.09837218516532115 -0.37398979059185117 -0.022852248172606886
D29 -0.006556478249018273 -2.342590320730788 -0.14314148867905768 -0.0065564782490187545 -2.342590320730788 -0.14314148867905804
D30 -0.16850880915611977 -4.202165188249924 -0.25676883209086443 -0.16850880915612007 -4.202165188249926 -0.2567688320908647
D31 -0.3316482313751294 -2.8538177610387185 -0.17437949739602124 -0.3316482313751289 -2.8538177610387194 -0.1743794973960211
D32 -0.22359009907261787 -1.3178813195504295 -0.08052773560676252 -0.2235900990726191 -1.317881319550429 -0.08052773560676252
SE50 0.16463034999365672 -0.003495005682868648 0.05719771786042229 0.16463034999365625 -0.0034950056828679846 0.05719771786042263
D33 -0.19785935056469228 -2.4251554835801437 -0.14818654509318954 -0.19785935056469156 -2.425155483580145 -0.14818654509318982
D34 0.0793025696432549 -4.969696593034709 -0.30366802181113567 0.07930256964325476 -4.969696593034709 -0.3036680218111353
D35 0.2646605601065962 -5.456202051269283 -0.33339542012142187 0.2646605601065974 -5.456202051269283 -0.333395420121421
D36 0.16151196779314972 -4.145044535170547 -0.2532785353694342 0.16151196779315022 -4.145044535170549 -0.25327853536943395
D37 0.09160915072661624 -4.810042273097068 -0.29391251448760664 0.09160915072661592 -4.810042273097069 -0.29391251448760675
D38 -0.29469107781842324 -3.1103631004245886 -0.19005542735628506 -0.2946910778184247 -3.1103631004245886 -0.19005542735628472
D39 -0.23795805923213992 -3.0295122328829853 -0.1851151211326646 -0.23795805923214064 -3.0295122328829858 -0.18511512113266468
D40 -0.3057715931147799 -3.0478174701953225 -0.1862336431791033 -0.3057715931147805 -3.0478174701953216 -0.18623364317910346
D41 -0.2646923713647384 -3.4942849718390065 -0.21351456475832334 -0.2646923713647382 -3.4942849718390065 -0.21351456475832362
D42 0.05863524148531208 -0.5789231970731181 -0.03537448589561054 0.0586352414853115 -0.5789231970731179 -0.035374485895610874
D43 0.43194524740261614 -5.082245568791471 -0.3105452072056782 0.4319452474026158 -5.082245568791472 -0.31054520720567763
D44 0.04103094151295905 -1.7243571702871339 -0.10536500991445598 0.041030941512958365 -1.7243571702871345 -0.10536500991445615
D45 -0.02533955515134326 -1.105114573678961 -0.06752685001617403 -0.025339555151343122 -1.1051145736789605 -0.06752685001617408
D46 -0.2812487319237428 -2.1457882576212053 -0.13111610803980583 -0.2812487319237433 -2.145788257621205 -0.13111610803980586
D47 -0.25562207164983464 -2.658598220631674 -0.1624508151224651 -0.2556220716498356 -2.6585982206316734 -0.16245081512246476
D48 -0.00014997566520407574 -3.029133683493437 -0.18509199027505058 -0.00014997566520413773 -3.0291336834934377 -0.18509199027505002
D49 0.14032650356641208 -4.235469646063266 -0.25880386554458584 0.1403265035664128 -4.235469646063268 -0.25880386554458595
D50 -0.009198775925866182 -2.2089498328059807 -0.13497552887803482 -0.009198775925866756 -2.2089498328059802 -0.1349755288780353
