D1 -2.1240501903310056 4.1833562979822725 -0.08435420518714123 -2.1240501903310047 4.183356297982275 -0.08435420518714143
SE12 0.2496270500537085 0.09906476570155985 4.912893323887678 0.24962705005370875 0.09906476570156018 4.912893323887681
SE19 0.3806166078024225 0.10423566969442744 5.169332629276588 0.38061660780242246 0.10423566969442774 5.169332629276591
SE37 0.5747194171605321 0.11452509991611771 5.679613683138243 0.5747194171605324 0.1145250999161179 5.679613683138245
SE45 0.5128968262901278 0.10766562209429376 5.339433372232185 0.5128968262901279 0.10766562209429444 5.339433372232191
SE46 0.06743065675456668 0.07801502035114584 3.868978742661799 0.06743065675456773 0.07801502035114631 3.8689787426618008
D2 -1.3430012229773602 3.0401555071763204 -0.06130242876440182 -1.34300122297736 3.0401555071763227 -0.06130242876440168
SE29 0.4994197986429045 0.09740579027638599 4.830620184360082 0.4994197986429039 0.09740579027638578 4.830620184360084
SE49 0.27689529706912364 0.06370176406821926 3.1591451228324643 0.27689529706912314 0.06370176406821967 3.1591451228324647
D3 -2.610181910790254 5.817156328031951 -0.11729854297544703 -2.610181910790251 5.817156328031949 -0.11729854297544814
SE2 0.42541755810603105 0.10346365698757107 5.1310464026185745 0.42541755810603044 0.10346365698757097 5.131046402618575
SE18 0.781247779075428 0.11120576514917666 5.514998771865154 0.7812477790754264 0.11120576514917714 5.51499877186516
SE22 0.6156509517675831 0.1036854841812387 5.142047421306803 0.615650951767584 0.10368548418123884 5.1420474213068035
SE36 0.5688436956818297 0.04488874738478771 2.2261560483449596 0.5688436956818294 0.04488874738478779 2.2261560483449596
D4 -0.852767925513397 6.461480799520409 -0.13029085699403878 -0.8527679255133959 6.461480799520412 -0.1302908569940387
SE4 0.749582122001988 0.08693124291580223 4.311158664069601 0.7495821220019889 0.08693124291580287 4.311158664069601
SE14 0.8584393047207401 0.0656553174990403 3.256027193265606 0.8584393047207404 0.06565531749904124 3.2560271932656053
SE21 0.7564902312374618 0.06973555169454897 3.458377193258502 0.7564902312374614 0.06973555169454874 3.4583771932585035
SE28 0.8490780184552982 0.08977738561670089 4.452306683499603 0.8490780184552996 0.08977738561670072 4.4523066834996055
SE30 0.6414003651971708 0.10144972297287667 5.031169893493758 0.6414003651971717 0.1014497229728771 5.031169893493758
SE35 0.48971178623127354 0.1012193746329845 5.019746287802962 0.48971178623127365 0.10121937463298478 5.019746287802963
SE40 0.5955179728640819 0.051299805037476255 2.5440979736894427 0.59551797286408 0.051299805037476644 2.5440979736894422
SE42 0.6208658760149036 0.05582824014610151 2.768675485736935 0.6208658760149027 0.05582824014610203 2.768675485736938
D5 1.344673760728061 5.594102033337028 -0.11280082238883682 1.3446737607280594 5.594102033337027 -0.11280082238883607
SE1 0.42932581365876277 0.03388926458362865 1.6806615404103082 0.4293258136587628 0.03388926458362822 1.6806615404103078
SE9 0.3415691469090731 0.021681974910663763 1.075268578418694 0.34156914690907364 0.021681974910663256 1.075268578418694
SE10 0.4153315312397346 0.034597302305240454 1.7157750721582397 0.41533153123973565 0.03459730230523919 1.7157750721582405
SE15 0.6678805866158888 0.037526710186311034 1.8610524401501825 0.6678805866158882 0.03752671018631096 1.8610524401501847
SE17 0.25342888202868713 0.02441766264658269 1.2109388333156805 0.2534288820286868 0.024417662646582867 1.2109388333156814
SE26 0.6399543773630465 0.06629258364556843 3.287630968580063 0.6399543773630471 0.06629258364556816 3.287630968580065
SE33 0.8598014984214575 0.06470877892733028 3.209085750495016 0.8598014984214566 0.06470877892733012 3.2090857504950154
SE38 0.7947706213227499 0.07047376469202966 3.494987199664371 0.7947706213227504 0.07047376469202954 3.4949871996643744
SE41 0.7683259254974978 0.04427032222010275 2.1954866489738554 0.7683259254974976 0.0442703222201026 2.195486648973854
SE43 0.9065762907257424 0.06725773182997773 3.335495313063882 0.9065762907257429 0.06725773182997774 3.3354953130638845
D6 -0.7334635175168 6.512181285048177 -0.1313131938103789 -0.7334635175167994 6.5121812850481815 -0.1313131938103792
D7 0.16106974553892806 6.134207846263924 -0.12369164624440354 0.16106974553892778 6.134207846263926 -0.12369164624440342
SE5 0.2336618399480594 0.03134257517807339 1.5543642308678012 0.23366183994805986 0.03134257517807341 1.5543642308678012
SE7 0.22391216028011646 0.03725370464126705 1.8475133467082956 0.223912160280117 0.03725370464126674 1.847513346708297
D8 1.1289675982214435 2.998165533393508 -0.060455732807381854 1.1289675982214429 2.9981655333935096 -0.06045573280738123
SE34 0.10375832376968142 0.009930209676938057 0.4924663222200028 0.10375832376968148 0.009930209676938017 0.49246632222000275
D9 1.6428902644891785 5.868674147207616 -0.11833736070456077 1.6428902644891774 5.86867414720762 -0.11833736070456083
SE3 0.36928858122780805 0.015454475779566766 0.7664298233980728 0.3692885812278072 0.015454475779566922 0.7664298233980734
SE8 0.4008210570470328 0.027948112495026083 1.3860235202667264 0.4008210570470328 0.02794811249502596 1.3860235202667277
SE16 0.2390382466521292 0.007012016968068676 0.347745145364709 0.23903824665212905 0.0070120169680683 0.34774514536470913
SE25 0.4503069797302779 0.02634180002707201 1.3063620811667311 0.4503069797302775 0.026341800027071698 1.3063620811667318
SE31 0.6814386693258481 0.035866265019873854 1.7787064121239635 0.6814386693258477 0.03586626501987362 1.778706412123963
SE47 0.3847408338989187 0.02307011756844383 1.1441103785049218 0.3847408338989184 0.023070117568444203 1.144110378504922
D10 -0.9130251362026325 6.804097840804243 -0.13719946963480426 -0.9130251362026325 6.804097840804242 -0.13719946963480453
D11 -2.1718236701575644 6.507361107764354 -0.13121599859326707 -2.171823670157564 6.507361107764357 -0.13121599859326738
D12 3.0210854273759606 3.212663252062737 -0.06478091653163799 3.02108542737596 3.2126632520627383 -0.06478091653163755
SE44 0.4809093996259151 0.020885339161480946 1.035761227586032 0.4809093996259153 0.02088533916148115 1.0357612275860328
D13 1.4545089602081602 3.603882784051052 -0.07266956151520715 1.45450896020816 3.603882784051052 -0.07266956151520657
SE6 0.1590196328649136 0.011762364228026248 0.5833278893839217 0.15901963286491405 0.011762364228025938 0.5833278893839221
SE13 0.34666437440499365 0.015182135609622503 0.7529237277315233 0.3466643744049935 0.015182135609621868 0.7529237277315237
SE20 0.37596105971021043 0.025386082305262497 1.2589654191774653 0.3759610597102109 0.025386082305261484 1.2589654191774664
D14 1.3872880661988969 3.5490705331204637 -0.07156431406975318 1.387288066198897 3.549070533120464 -0.07156431406975271
SE11 0.16852137352008756 0.018500999525571663 0.9175152882130715 0.16852137352008803 0.018500999525571108 0.9175152882130717
D15 -0.28471597150730615 7.306294209525608 -0.14732587831574617 -0.28471597150730543 7.306294209525614 -0.14732587831574628
SE32 -0.008906591056885158 0.004472220210100868 0.22178966111270895 -0.008906591056885009 0.0044722202101006355 0.2217896611127089
D16 0.4643268226430098 1.4997694964214565 -0.0302417137874609 0.4643268226430095 1.4997694964214558 -0.030241713787460794
D17 1.9639131171772477 5.589442405797131 -0.11270686453547743 1.963913117177247 5.589442405797133 -0.11270686453547675
SE48 0.08025521771255421 0.010011431356970623 0.4964943280075626 0.08025521771255414 0.010011431356971022 0.4964943280075628
D18 2.526281251812427 4.757000692802618 -0.09592130909566342 2.526281251812425 4.7570006928026185 -0.09592130909566315
SE24 0.12262399539244515 0.006549733946205041 0.32481926293036184 0.12262399539244544 0.006549733946204741 0.3248192629303619
D19 -0.561937388929426 3.632004276622038 -0.07323661007275953 -0.5619373889294257 3.6320042766220393 -0.07323661007275957
D20 -3.2193161662163186 5.095043560219339 -0.10273768699153264 -3.219316166216318 5.095043560219341 -0.1027376869915341
D21 0.05035769096140514 3.028135292593004 -0.06106005025893146 0.05035769096140492 3.0281352925930047 -0.06106005025893145
D22 0.03390211138895429 4.156160830603121 -0.08380582922486275 0.033902111388953333 4.156160830603122 -0.08380582922486268
D23 0.6940495497242452 1.19841692235723 -0.02416516781442287 0.6940495497242448 1.1984169223572296 -0.02416516781442289
D24 -3.158406978689351 4.832439413888935 -0.09744247365930271 -3.1584069786893525 4.832439413888938 -0.0974424736593029
D25 0.23942748290093496 1.785937748609301 -0.03601207943256311 0.2394274829009346 1.7859377486093009 -0.036012079432563064
D26 0.19201893718642335 6.675092829855707 -0.13459818148515065 0.19201893718642332 6.675092829855707 -0.13459818148515046
D27 2.18904526329868 2.2475541630533513 -0.04532022412981124 2.1890452632986794 2.2475541630533518 -0.045320224129811876
D28 -2.1811700315632843 3.488408117558685 -0.07034110249393798 -2.181170031563284 3.4884081175586874 -0.07034110249393873
D29 -1.686236598488687 5.749618733930973 -0.11593669864165498 -1.6862365984886876 5.749618733930975 -0.11593669864165626
D30 0.601105173261324 5.774994575925177 -0.11644838323888004 0.6011051732613232 5.77499457592518 -0.11644838323887993
D31 -0.07031914733711844 4.189510791786658 -0.0844783058843373 -0.0703191473371182 4.189510791786658 -0.0844783058843373
D32 0.19313172628234876 1.5065449890307758 -0.03037833645431001 0.19313172628234854 1.5065449890307758 -0.030378336454309936
SE50 0.0060416185892227985 0.0009221639252607526 0.045732637228398806 0.006041618589222685 0.0009221639252611924 0.045732637228398834
D33 1.017190172907167 2.0563167454199447 -0.0414640667247431 1.017190172907167 2.0563167454199442 -0.04146406672474259
D34 2.300848930133066 4.992102138225221 -0.10066195133465604 2.3008489301330646 4.992102138225225 -0.10066195133465607
D35 1.6377327003846083 7.022881097172619 -0.1416110679746627 1.637732700384607 7.022881097172622 -0.14161106797466172
D36 2.7510969042834144 3.4277285762859426 -0.06911754559115993 2.7510969042834126 3.427728576285944 -0.06911754559115933
D37 1.393625899563841 5.943340738732622 -0.11984295586153178 1.3936258995638402 5.943340738732623 -0.11984295586153138
D38 -1.0981677346594994 5.685365748303739 -0.11464108594519529 -1.0981677346594994 5.685365748303741 -0.11464108594519522
D39 1.3573781978348467 2.8213379209405702 -0.05689013818882052 1.3573781978348465 2.821337920940571 -0.05689013818882054
D40 -1.3716520319944852 5.927283268771824 -0.1195191691650662 -1.3716520319944847 5.927283268771828 -0.11951916916506633
D41 -1.4291316775676124 6.567483747896911 -0.13242832600716245 -1.4291316775676115 6.567483747896912 -0.13242832600716248
D42 -1.2969370270901293 3.1022958265622167 -0.0625554411493135 -1.29693702709013 3.1022958265622176 -0.0625554411493139
D43 3.809372598776838 3.3393477937922724 -0.06733541418039082 3.8093725987768363 3.339347793792273 -0.06733541418039068
D44 0.9760428263034379 1.3673857182745692 -0.027572295361247362 0.9760428263034373 1.3673857182745692 -0.02757229536124698
D45 -0.5590429248577358 2.9715744074914903 -0.05991954293238076 -0.5590429248577359 2.9715744074914925 -0.05991954293238108
D46 -1.9755079255294192 5.189469368157288 -0.1046417117530862 -1.9755079255294188 5.1894693681572885 -0.1046417117530877
D47 -0.48564827600130367 4.434608332049582 -0.08942051179019668 -0.48564827600130367 4.4346083320495815 -0.08942051179019676
D48 1.8081103632312092 2.469545999725035 -0.04979652105663739 1.8081103632312092 2.4695459997250357 -0.049796521056637254
D49 2.38397239237958 4.070281442234953 -0.08207413652844042 2.383972392379579 4.070281442234953 -0.08207413652843892
D50 0.9522741226051458 2.6855080897029118 -0.05415123271708692 0.9522741226051452 2.6855080897029144 -0.054151232717086634
S1 -0.5211847670875559 0.08781559982069635 4.355016347507465 -0.5211847670875553 0.08781559982069638 4.355016347507465
S2 -0.46706869592403577 0.10873735375548174 5.392583483535197 -0.46706869592403527 0.10873735375548133 5.392583483535193
S3 -0.25803745219970103 0.013648684972011 0.6768757065538819 -0.25803745219970076 0.013648684972010874 0.6768757065538823
S4 -0.4573550289213867 0.10034999416127 4.976631326745315 -0.45735502892138596 0.10034999416126959 4.976631326745313
S5 -0.7540013675046681 0.0760463677157431 3.7713478612779565 -0.7540013675046678 0.0760463677157429 3.7713478612779556
S8 -0.3295348322424021 0.1107491581174085 5.492354377340742 -0.3295348322424023 0.11074915811740886 5.492354377340743
S9 -0.356592711738259 0.07365185599764457 3.652597460461856 -0.3565927117382589 0.07365185599764508 3.6525974604618563
S13 -0.10734353164550269 0.1204116386955772 5.97154327955536 -0.10734353164550173 0.12041163869557746 5.971543279555361
S15 -0.4785862733999282 0.09097700038056356 4.511798868464453 -0.4785862733999273 0.09097700038056314 4.511798868464453
S16 -0.6840194137296942 0.0703683519599336 3.4897594932835903 -0.6840194137296929 0.0703683519599332 3.489759493283591
S18 -0.5133268670599701 0.0965343610559695 4.787403620237517 -0.5133268670599691 0.09653436105596855 4.787403620237517
S21 -0.6896740613373328 0.06660870243730516 3.3033081661233035 -0.6896740613373319 0.06660870243730473 3.303308166123303
S24 -0.6045397346229268 0.09210311918001683 4.5676461870601 -0.6045397346229251 0.09210311918001635 4.5676461870601
S25 -0.43469693429828105 0.10821248942890832 5.366554022629408 -0.43469693429828044 0.10821248942890785 5.366554022629407
S28 -0.8043614084994468 0.05825568401801763 2.889059082346602 -0.804361408499446 0.05825568401801798 2.889059082346603
S29 -0.34193413283479 0.10273763135406241 5.095040801004587 -0.34193413283478985 0.1027376313540628 5.095040801004585
S35 -0.7041638971392018 0.08731632746097315 4.330256062399874 -0.7041638971392012 0.08731632746097291 4.330256062399875
S37 -0.4205782749305403 0.0861126719743427 4.270563486915083 -0.4205782749305391 0.08611267197434323 4.27056348691508
S40 -0.5833911398809591 0.09969843861507995 4.944318900926208 -0.5833911398809588 0.09969843861507961 4.944318900926209
S43 -0.0570772456559454 0.11793772498459303 5.8488551162261 -0.057077245655943847 0.11793772498459337 5.848855116226099
S44 -0.4344481488309377 0.043591231308325706 2.1618086688851945 -0.4344481488309383 0.04359123130832502 2.1618086688851963
S45 -0.36533225540071196 0.10995103014453086 5.452773023043953 -0.3653322554007111 0.10995103014453057 5.452773023043952
S47 -0.7824484101681602 0.07551243630404474 3.744868738762786 -0.7824484101681595 0.07551243630404425 3.744868738762785
S48 -0.58482758930088 0.07534728981927445 3.7366786718228124 -0.5848275893008802 0.07534728981927453 3.7366786718228115
S49 -0.6563772141656088 0.08889910033162308 4.408750108334136 -0.6563772141656072 0.08889910033162246 4.408750108334134
S50 -0.21241318773685938 0.11375353207681833 5.641349518682037 -0.2124131877368588 0.11375353207681863 5.641349518682037
S14 -0.333858262591325 0.025038223141969643 1.2417141295904368 -0.33385826259132495 0.0250382231419698 1.2417141295904375
S22 -0.6346551325656 0.056472008373566036 2.8006017170709807 -0.6346551325655996 0.05647200837356645 2.800601717070981
S6 -0.4142822625009657 0.04553429751321964 2.2581706490331594 -0.414282262500965 0.045534297513219225 2.258170649033159
S10 -0.3506201072020502 0.02143867648010882 1.063202742228412 -0.3506201072020499 0.02143867648010872 1.0632027422284118
S17 -0.388088290605731 0.03007571992378153 1.4915374056382125 -0.3880882906057306 0.030075719923781625 1.4915374056382122
S19 -0.14506467268132053 0.08998037482836826 4.462373475014824 -0.14506467268131992 0.08998037482836804 4.462373475014823
S23 -0.47552302551383835 0.04571208870004151 2.2669878014142215 -0.4755230255138379 0.045712088700041426 2.266987801414222
S26 -0.644888554396623 0.05460664264717012 2.7080931166728077 -0.6448885543966228 0.05460664264716958 2.7080931166728095
S30 -0.39033202483703855 0.06986287484690162 3.4646914974487326 -0.3903320248370387 0.0698628748469022 3.4646914974487317
S31 -0.13265358088961085 0.013914678814928248 0.6900670704642475 -0.1326535808896108 0.013914678814928319 0.6900670704642473
S33 -0.21173248359734165 0.05988036977913314 2.9696317034261086 -0.21173248359734195 0.059880369779133906 2.969631703426109
S34 -0.29955149166672995 0.017161354286435622 0.8510786080764146 -0.29955149166672995 0.017161354286435455 0.8510786080764144
S38 -0.24173674133462528 0.0519788057033433 2.577771478236006 -0.2417367413346252 0.051978805703344136 2.5777714782360066
S41 -0.2775087564242175 0.05293195779588197 2.6250409036358 -0.27750875642421724 0.05293195779588183 2.6250409036358
S42 -0.3148239055389004 0.02716834837814983 1.3473528799348184 -0.31482390553890005 0.027168348378149455 1.347352879934818
S46 -0.4052550425679217 0.05237148820924289 2.5972456802691353 -0.40525504256792055 0.052371488209242784 2.5972456802691357
S39 0.09233964066559353 0.037051286185283826 1.8374748605322713 0.09233964066559364 0.03705128618528456 1.8374748605322708
S7 0.04206458537722461 0.003424178585395133 0.1698144036666562 0.04206458537722455 0.0034241785853952444 0.16981440366665632
S32 -0.3863584588977702 0.03885134161379011 1.926744544205393 -0.3863584588977702 0.03885134161378964 1.926744544205393
S20 -0.15417466515480688 0.026415070320369227 1.3099957558868238 -0.15417466515480657 0.026415070320369397 1.3099957558868238
S12 -0.0768463879546516 0.008455409365367022 0.41932693150450556 -0.0768463879546513 0.008455409365366826 0.41932693150450545
S36 -0.16864764417275455 0.0071018914861476915 0.3522022691133456 -0.16864764417275438 0.007101891486148032 0.35220226911334535
S27 -0.2985256550189953 0.0143663363683772 0.7124660067894766 -0.2985256550189952 0.014366336368377308 0.7124660067894762
