D1 -0.5457949799158254 -4.500574003409698 -0.1190690290506678 -0.5457949799158248 -4.500574003409695 -0.1190690290506685
S1 -0.2960203535261812 0.12178997115180827 -4.60342023792432 -0.29602035352618183 0.12178997115180838 -4.603420237924319
S2 1.050943609247051 0.14595417651077713 -5.516779449120611 1.05094360924705 0.14595417651077677 -5.516779449120606
S3 -0.386147304925354 0.022285013021938485 -0.8423294543663646 -0.3861473049253536 0.022285013021938364 -0.8423294543663647
S4 0.5124788266018485 0.13609331172558595 -5.144058246493809 0.5124788266018482 0.1360933117255853 -5.144058246493805
S5 -0.4266885421109722 0.11005482427486075 -4.159854876035694 -0.426688542110973 0.11005482427486028 -4.159854876035692
S8 0.8093886852228336 0.14767729509804395 -5.581909926629968 0.8093886852228326 0.1476772950980438 -5.581909926629969
S9 -0.8526786086895415 0.10084417790627341 -3.811710644646816 -0.852678608689542 0.10084417790627283 -3.811710644646817
S13 1.099257977372522 0.1541538614964643 -5.826711338017015 1.0992579773725204 0.15415386149646446 -5.826711338017009
S15 -0.06944464214179744 0.12394135009950491 -4.684738110763981 -0.06944464214179662 0.12394135009950451 -4.68473811076398
S16 -0.42890027810981124 0.10055774898934933 -3.8008841976050634 -0.4289002781098122 0.10055774898934935 -3.8008841976050616
S18 0.5534632781369887 0.1311173432411248 -4.955976470892702 0.553463278136988 0.13111734324112476 -4.9559764708927005
S21 -0.132094377331426 0.09665219157414232 -3.653261845160872 -0.13209437733142704 0.09665219157414219 -3.6532618451608676
S24 0.2622263753815838 0.12864055782595268 -4.862358876624742 0.2622263753815836 0.12864055782595313 -4.8623588766247385
S25 0.990042503510524 0.1452798733783146 -5.491292123217536 0.9900425035105237 0.14527987337831458 -5.491292123217533
S28 -0.8654303727514316 0.08899153363595294 -3.363704113477696 -0.8654303727514316 0.08899153363595277 -3.363704113477696
S29 0.3056131518325212 0.13632570735400298 -5.152842342006329 0.3056131518325201 0.13632570735400332 -5.152842342006323
S35 0.0029842189181650586 0.12353077422857232 -4.669219154189979 0.002984218918164938 0.12353077422857203 -4.6692191541899755
S37 -0.4593571969521958 0.11648694074273631 -4.402976167886561 -0.4593571969521964 0.11648694074273655 -4.40297616788656
S40 0.5508474415599183 0.13795396144503203 -5.214387129021514 0.5508474415599169 0.1379539614450319 -5.21438712902151
S43 1.050381774228608 0.15071004939358418 -5.696542045914568 1.0503817742286068 0.150710049393584 -5.696542045914562
S44 -0.6869969673900194 0.06380185880876367 -2.411584182833522 -0.6869969673900193 0.06380185880876355 -2.4115841828335225
S45 0.8453817680740736 0.14672448272305855 -5.5458955017272595 0.8453817680740734 0.1467244827230589 -5.545895501727257
S47 -0.47695885356531315 0.10981018712085172 -4.1506080750465815 -0.4769588535653138 0.10981018712085189 -4.15060807504658
S48 -0.0001817991807196107 0.10544420404762771 -3.985582542585784 -0.000181799180720232 0.10544420404762822 -3.9855825425857794
S49 0.2773802110169833 0.12535413428290332 -4.738138561065208 0.2773802110169837 0.12535413428290382 -4.738138561065206
S50 1.2821031019545877 0.14696262277097472 -5.554896724945148 1.2821031019545859 0.14696262277097513 -5.554896724945146
D2 -0.6460100662987146 -3.254536703333668 -0.08610335592351415 -0.6460100662987136 -3.2545367033336685 -0.08610335592351484
S14 -0.6251620646750117 0.03762599217518573 -1.4221881507413294 -0.6251620646750117 0.037625992175185335 -1.422188150741329
S22 -0.5090612582521207 0.08472882961700773 -3.202582325176811 -0.5090612582521217 0.08472882961700776 -3.202582325176809
D3 0.9441854023016517 -5.8859255413432034 -0.15572045671092336 0.9441854023016477 -5.885925541343203 -0.15572045671092308
S6 -0.40722276892607084 0.0641948311865691 -2.4264377621539412 -0.4072227689260711 0.06419483118656898 -2.42643776215394
S10 -1.0183557194720902 0.034564236782437724 -1.306459847291912 -1.0183557194720896 0.03456423678243687 -1.3064598472919118
S17 -1.3222923629653451 0.04620498358908113 -1.7464570730689426 -1.3222923629653445 0.0462049835890814 -1.7464570730689422
S19 -0.24030089964646068 0.11816533247642459 -4.466416058716282 -0.2403008996464612 0.1181653324764247 -4.466416058716279
S23 -1.2065249786548282 0.067470808750183 -2.55026324033336 -1.2065249786548284 0.06747080875018376 -2.5502632403333583
S26 -1.1180068352245542 0.08066608991563902 -3.0490187929267787 -1.1180068352245547 0.08066608991563869 -3.049018792926778
S30 -0.8263060856045252 0.09652188948139893 -3.6483366835477606 -0.826306085604526 0.09652188948139885 -3.6483366835477593
S31 -0.6350577523018343 0.020227593296297922 -0.7645630544456816 -0.6350577523018347 0.02022759329629746 -0.764563054445681
S33 -0.8346984241195824 0.08211047716835564 -3.1036137767967316 -0.8346984241195822 0.08211047716835515 -3.1036137767967293
S34 -0.2760673400370235 0.02702074467455909 -1.0213307524607653 -0.2760673400370236 0.02702074467455913 -1.0213307524607644
S38 -1.1796557087362776 0.07167407161165312 -2.709138270344544 -1.1796557087362778 0.07167407161165336 -2.7091382703445426
S41 -1.1408112715541554 0.07353819194849456 -2.7795983353514093 -1.1408112715541558 0.0735381919484945 -2.7795983353514084
S42 -0.9285114518874948 0.04119672438695247 -1.5571547721503076 -0.9285114518874946 0.04119672438695237 -1.5571547721503078
S46 -1.059595123276296 0.07350718007598404 -2.7784261478536956 -1.0595951232762966 0.0735071800759839 -2.778426147853694
D4 -0.11159420400761698 -5.236987323750631 -0.13855188145272712 -0.11159420400761605 -5.23698732375063 -0.13855188145272732
S39 0.27029538054172225 0.046759606820586275 -1.7674207352177047 0.2702953805417217 0.04675960682058653 -1.7674207352177036
D5 -0.30978335228181014 -3.863695241154034 -0.1022195036818337 -0.3097833522818107 -3.863695241154035 -0.10221950368183304
S7 0.0606843251664746 0.0039045998145176342 -0.14758615703046257 0.06068432516647467 0.0039045998145176837 -0.1475861570304622
D6 0.021430923346242334 -5.288446203206995 -0.1399132986426822 0.02143092334624268 -5.288446203206996 -0.1399132986426819
S32 -0.8843028503453964 0.056474029362742026 -2.134606710445215 -0.8843028503453968 0.056474029362742116 -2.1346067104452144
D7 -0.4258791450781191 -4.412380959620828 -0.11673575776460218 -0.42587914507811925 -4.412380959620828 -0.1167357577646041
D8 -0.519132537254685 -1.18386837447732 -0.0313209065701437 -0.519132537254685 -1.18386837447732 -0.031320906570142616
D9 -0.42219705575556254 -4.028043214911622 -0.10656756098450851 -0.4221970557555624 -4.028043214911623 -0.10656756098450933
S20 -0.4209054957978601 0.03683779067395693 -1.392395691575744 -0.42090549579786074 0.0368377906739567 -1.3923956915757427
D10 0.7838982539443552 -5.779567242796832 -0.15290659800538975 0.7838982539443533 -5.779567242796832 -0.15290659800538836
D11 1.2656589952580684 -6.170920801981663 -0.16326040804658823 1.2656589952580717 -6.170920801981661 -0.16326040804658717
S12 -0.39831009920990806 0.012036243588670316 -0.45494622258844364 -0.3983100992099078 0.012036243588670094 -0.45494622258844347
S36 -0.48886644292968734 0.012392357391146856 -0.4684066205984044 -0.4888664429296872 0.012392357391146708 -0.46840662059840465
D12 -0.02710780183237463 -0.3569574341440839 -0.009443812070138984 -0.027107801832374635 -0.3569574341440839 -0.009443812070138934
D13 0.24812118830835278 -2.179275516849178 -0.057655805599139125 0.2481211883083537 -2.179275516849178 -0.05765580559913839
D14 -0.2501511593788709 -1.7079972537581594 -0.04518747485812339 -0.25015115937887106 -1.707997253758159 -0.04518747485812183
D15 0.7676475866714696 -5.739231142913576 -0.15183944962717133 0.7676475866714713 -5.7392311429135745 -0.1518394496271701
D16 0.09062308176861755 -0.8828072773338518 -0.023355910884115545 0.09062308176861769 -0.8828072773338518 -0.023355910884115965
D17 -0.5419414446548473 -3.300903322297658 -0.08733005018434047 -0.5419414446548471 -3.300903322297658 -0.08733005018434072
D18 -0.5041760318178601 -2.252078000838139 -0.059581897931908726 -0.5041760318178597 -2.2520780008381385 -0.05958189793191075
D19 -0.7883369660591685 -3.1412420921673467 -0.08310598729053065 -0.7883369660591679 -3.141242092167346 -0.0831059872905301
D20 1.229922608284381 -6.091614298499035 -0.16116224271036048 1.2299226082843826 -6.091614298499036 -0.16116224271035987
S27 -0.46767207039225556 0.024095043997562404 -0.9107450484062971 -0.46767207039225545 0.024095043997562317 -0.9107450484062966
D21 -0.6840004323628797 -2.0956053103453303 -0.05544219234862049 -0.6840004323628794 -2.0956053103453294 -0.055442192348620876
D22 -0.7427839693681689 -3.2199240106330875 -0.08518762834975169 -0.7427839693681685 -3.21992401063309 -0.08518762834975102
D24 0.9816510214504978 -5.880362011259569 -0.15557326568047836 0.981651021450499 -5.880362011259568 -0.15557326568047886
D25 -0.1298872882477321 -1.322261184576747 -0.03498228343310445 -0.12988728824773224 -1.3222611845767467 -0.03498228343310451
D26 -0.07646607260915135 -4.965878804034725 -0.13137932342224537 -0.07646607260915111 -4.965878804034725 -0.13137932342224481
D27 -0.11977147612749411 -0.2097574086498745 -0.0055494279096844545 -0.11977147612749427 -0.20975740864987455 -0.005549427909685068
D28 -0.24985585602640353 -4.231994731705231 -0.11196338584143266 -0.24985585602640356 -4.231994731705231 -0.1119633858414338
D29 0.590056603682111 -5.555570960561645 -0.14698046062458087 0.5900566036821119 -5.555570960561641 -0.14698046062457945
D30 -0.9056573292086525 -3.935546927910874 -0.10412044133363182 -0.9056573292086533 -3.9355469279108726 -0.10412044133363203
D31 -0.5863531057089115 -2.9364163250699256 -0.07768703290951956 -0.5863531057089116 -2.9364163250699242 -0.07768703290951758
D32 -0.32117287194275157 -0.7940621607973264 -0.021008033735337592 -0.3211728719427513 -0.7940621607973259 -0.021008033735337394
D33 -0.015876441194297156 -0.5783813551809204 -0.015301894009570252 -0.015876441194297042 -0.5783813551809205 -0.015301894009570159
D34 -0.8471781263446793 -2.299904905073454 -0.06084722609793749 -0.8471781263446793 -2.299904905073454 -0.06084722609793675
D35 0.18706136209881916 -4.617748350785288 -0.12216904157375633 0.18706136209882063 -4.617748350785288 -0.12216904157375721
D36 -0.4120969766708061 -0.9841256547471644 -0.02603643137204693 -0.4120969766708062 -0.9841256547471641 -0.026036431372047617
D37 -0.8331782655069281 -3.713449150959809 -0.09824453158615426 -0.8331782655069278 -3.71344915095981 -0.09824453158615538
D38 -0.3773298642950204 -4.748568974031125 -0.1256300855601197 -0.3773298642950209 -4.748568974031128 -0.12563008556012073
D39 -0.4867266641676549 -1.0312710773647331 -0.027283729981292925 -0.48672666416765453 -1.0312710773647322 -0.02728372998129267
D40 0.21936177348059924 -5.124517960322715 -0.13557634591189135 0.2193617734805983 -5.124517960322712 -0.1355763459118911
D41 0.46636131259463925 -5.614014188091085 -0.1485266585876051 0.4663613125946387 -5.614014188091083 -0.14852665858760497
D42 -0.5738839060837142 -3.563141398093391 -0.09426792811756864 -0.5738839060837141 -3.5631413980933933 -0.09426792811756823
D43 0.02907066450517857 -0.1706090001053472 -0.004513701579944074 0.029070664505178364 -0.17060900010534719 -0.004513701579944852
D44 0.09138262643630458 -0.3440280227250981 -0.009101746266379485 0.09138262643630475 -0.3440280227250982 -0.009101746266379468
D45 -0.9568240632896772 -2.8998074237124802 -0.07671849282197639 -0.9568240632896763 -2.8998074237124785 -0.07671849282197747
D46 -0.16065978518404897 -4.934372722420091 -0.1305457856236864 -0.16065978518404894 -4.934372722420089 -0.13054578562368765
D47 -0.7804092240093174 -3.471132139935096 -0.09183369350121083 -0.7804092240093169 -3.4711321399350967 -0.09183369350121026
D48 -0.38444589759471304 -0.6416277317221124 -0.01697516604998733 -0.3844458975947128 -0.6416277317221121 -0.016975166049987073
D49 0.04494188038900019 -1.7355957365746806 -0.04591763162251239 0.04494188038899993 -1.7355957365746806 -0.04591763162251344
D50 -0.38217391917304094 -1.5971268846148567 -0.04225424296495019 -0.38217391917304083 -1.5971268846148572 -0.0422542429649498
