P1 0.6133398168440072 -6.184170410885572 2.279082480544839 0.613339816844003 -6.184170410885571 2.2790824805448406
S1 -0.24253615131030626 -2.4388223856286615 -6.617616239586294 -0.2425361513103124 -2.438822385628663 -6.617616239586294
S2 -0.24253615131029935 -2.438822385628663 -6.617616239586295 -0.2425361513103124 -2.438822385628663 -6.617616239586294
S4 -0.24253615131029765 -2.4388223856286615 -6.617616239586293 -0.2425361513103124 -2.438822385628663 -6.617616239586294
S5 -0.2425361513103171 -2.438822385628663 -6.617616239586295 -0.2425361513103124 -2.438822385628663 -6.617616239586294
S6 -0.24253615131031456 -2.4388223856286615 -6.617616239586291 -0.2425361513103124 -2.438822385628663 -6.617616239586294
S8 0.3970541119245379 -2.2207335942898854 -6.025843777704773 0.39705411192454665 -2.220733594289885 -6.025843777704771
S9 -0.24253615131030506 -2.4388223856286615 -6.617616239586294 -0.2425361513103124 -2.438822385628663 -6.617616239586294
S10 -0.10792711830568073 -2.2959158701496825 -6.22984692799183 -0.10792711830568041 -2.295915870149683 -6.229846927991833
S12 -0.16103126567991774 -2.250600120377411 -6.106885024997526 -0.16103126567992035 -2.2506001203774115 -6.106885024997525
S13 -0.24253615131031253 -2.4388223856286615 -6.617616239586294 -0.2425361513103124 -2.438822385628663 -6.617616239586294
S15 -0.2425361513103233 -2.438822385628663 -6.617616239586293 -0.2425361513103124 -2.438822385628663 -6.617616239586294
S16 0.0712258010747994 -2.1605053564043137 -5.862417622744958 0.07122580107479144 -2.160505356404316 -5.862417622744958
S17 -0.02146707813614659 -2.3109576247346033 -6.2706619377275175 -0.021467078136153003 -2.3109576247346024 -6.270661937727519
S18 -0.24253615131030565 -2.4388223856286615 -6.617616239586295 -0.2425361513103124 -2.438822385628663 -6.617616239586294
S19 -0.061006299744549235 -2.4057122158114805 -6.527773535677716 -0.061006299744547264 -2.40571221581148 -6.527773535677717
S20 -0.24253615131030293 -2.438822385628663 -6.617616239586294 -0.2425361513103124 -2.438822385628663 -6.617616239586294
S21 -0.037642341208060356 -2.2640493376694604 -6.143378768570674 -0.03764234120805925 -2.264049337669459 -6.143378768570673
S22 -0.24253615131031486 -2.4388223856286615 -6.617616239586294 -0.2425361513103124 -2.438822385628663 -6.617616239586294
S23 0.27463527689668593 -2.3225672505937944 -6.302164046726525 0.27463527689668366 -2.3225672505937913 -6.302164046726524
S24 0.12137614515926 -2.3673148723505495 -6.423584364239337 0.12137614515926172 -2.3673148723505495 -6.423584364239334
S25 -0.06100629974454877 -2.4057122158114805 -6.527773535677717 -0.061006299744547264 -2.40571221581148 -6.527773535677717
S26 0.0922528319928762 -2.360964594054723 -6.406353218164904 0.0922528319928767 -2.3609645940547224 -6.406353218164905
S27 -0.02932650046161237 -2.312115416103453 -6.273803543696736 -0.02932650046160563 -2.312115416103452 -6.273803543696737
S28 -0.24253615131030234 -2.438822385628663 -6.617616239586293 -0.2425361513103124 -2.438822385628663 -6.617616239586294
S29 -0.24253615131031764 -2.4388223856286615 -6.6176162395862885 -0.2425361513103124 -2.438822385628663 -6.617616239586294
S30 -0.060153706406496595 -2.4004250421677313 -6.513427068147911 -0.06015370640650483 -2.400425042167732 -6.5134270681479105
S31 0.9034456967315705 -2.0955184435113416 -5.686079053501317 0.9034456967315618 -2.095518443511343 -5.686079053501317
S32 -0.24253615131030298 -2.438822385628663 -6.617616239586293 -0.2425361513103124 -2.438822385628663 -6.617616239586294
S33 -0.24253615131031364 -2.4388223856286615 -6.617616239586293 -0.2425361513103124 -2.438822385628663 -6.617616239586294
S34 0.38953718558495487 -2.0320306144745124 -5.513808169436133 0.3895371855849539 -2.032030614474511 -5.513808169436131
S35 -0.24253615131030837 -2.4388223856286615 -6.617616239586293 -0.2425361513103124 -2.438822385628663 -6.617616239586294
S37 -0.2425361513103135 -2.438822385628663 -6.61761623958629 -0.2425361513103124 -2.438822385628663 -6.617616239586294
S38 -0.06100629974454619 -2.405712215811479 -6.527773535677717 -0.061006299744547264 -2.40571221581148 -6.527773535677717
S39 0.7723364258087753 -2.1906598093360885 -5.944240144382056 0.7723364258087636 -2.1906598093360903 -5.944240144382058
S40 -0.24253615131030648 -2.438822385628663 -6.617616239586291 -0.2425361513103124 -2.438822385628663 -6.617616239586294
S41 -0.2425361513103082 -2.4388223856286615 -6.617616239586291 -0.2425361513103124 -2.438822385628663 -6.617616239586294
S42 0.14276239122129886 -2.363831411689136 -6.414132176995701 0.14276239122129872 -2.3638314116891355 -6.4141321769956985
S43 -0.24253615131032574 -2.4388223856286615 -6.617616239586293 -0.2425361513103124 -2.438822385628663 -6.617616239586294
S44 0.43488018016204477 -2.0346107635938915 -5.520809268332704 0.43488018016204044 -2.034610763593893 -5.520809268332708
S45 0.04827904598048826 -2.3546549165585766 -6.389232240224444 0.048279045980489294 -2.354654916558575 -6.389232240224443
S46 -0.242536151310314 -2.4388223856286615 -6.617616239586295 -0.2425361513103124 -2.438822385628663 -6.617616239586294
S47 -0.06015370640649792 -2.4004250421677313 -6.5134270681479105 -0.06015370640650483 -2.400425042167732 -6.5134270681479105
S48 -0.061006299744550886 -2.4057122158114805 -6.527773535677714 -0.061006299744547264 -2.40571221581148 -6.527773535677717
S49 0.3535223633935961 -2.2667425726793127 -6.150686720081722 0.35352236339359855 -2.266742572679313 -6.1506867200817235
S50 -0.2425361513103232 -2.4388223856286615 -6.61761623958629 -0.2425361513103124 -2.438822385628663 -6.617616239586294
P2 -0.3948479699605219 -6.459432920191715 2.380526315502262 -0.3948479699605415 -6.459432920191718 2.3805263155022613
S3 1.0947479065871357 -1.714028680122997 -4.650926650312315 1.094747906587139 -1.714028680122997 -4.650926650312313
S7 1.0267566315500938 -1.5499709561858734 -4.205764647308963 1.026756631550087 -1.5499709561858748 -4.205764647308964
S11 1.2584335970681908 -1.4666801567513001 -3.979759444882429 1.2584335970681904 -1.4666801567512986 -3.9797594448824265
P3 -0.7087613777216453 -6.538112574880693 2.409522512350481 -0.7087613777216341 -6.538112574880693 2.409522512350479
S14 0.5722624475156983 -0.5028227892291892 -1.364383185608417 0.5722624475156993 -0.5028227892291891 -1.3643831856084179
S36 0.4801286962085062 -0.8493709893580891 -2.304723495130896 0.48012869620850374 -0.8493709893580887 -2.3047234951308972
P4 -0.019475009771263978 -6.37409168426847 2.349075093634514 -0.019475009771269754 -6.374091684268468 2.349075093634515
P5 0.13148925309406012 -6.129991842272104 2.2591157884351616 0.13148925309406073 -6.129991842272107 2.2591157884351603
P6 -0.27865453170722854 -6.341195823115792 2.3369518214970695 -0.2786545317072405 -6.341195823115792 2.33695182149707
P7 -0.7087613777216465 -6.53811257488069 2.4095225123504815 -0.7087613777216341 -6.538112574880693 2.409522512350479
P8 -0.39484796996053323 -6.4594329201917144 2.380526315502262 -0.3948479699605415 -6.459432920191718 2.3805263155022613
P9 0.09901542457088142 -6.123966962687485 2.256895410179647 0.09901542457086546 -6.123966962687485 2.2568954101796495
P10 -0.06733532493069914 -6.24353265528203 2.3009595379706256 -0.06733532493070417 -6.243532655282029 2.3009595379706256
P11 -0.5655457719181171 -6.488690504461652 2.391308755716926 -0.5655457719181339 -6.488690504461652 2.391308755716927
P12 0.1316640816746817 -6.190188429920061 2.281300330448354 0.13166408167466415 -6.190188429920061 2.2813003304483535
P13 0.2802851207159396 -6.017690517497521 2.2177288335438146 0.2802851207159239 -6.017690517497523 2.217728833543812
P14 0.4913698610720982 -6.107879866672429 2.250966754231518 0.4913698610720854 -6.107879866672429 2.250966754231518
P15 0.41041224941147664 -5.755232108978087 2.1210037562924784 0.41041224941147064 -5.755232108978089 2.121003756292477
P16 -0.7087613777216242 -6.538112574880692 2.4095225123504798 -0.7087613777216341 -6.538112574880693 2.409522512350479
P17 1.6255843569888884 -5.299492861232613 1.953047948767332 1.6255843569888768 -5.299492861232614 1.9530479487673305
P18 0.07715971797037231 -6.101208917114073 2.2485082766578297 0.07715971797037295 -6.101208917114076 2.2485082766578275
P19 0.2867919852269788 -6.283904033990962 2.3158377990497523 0.28679198522698274 -6.283904033990962 2.3158377990497536
P20 -0.5655457719181459 -6.48869050446165 2.3913087557169264 -0.5655457719181339 -6.488690504461652 2.391308755716927
P21 -0.3948479699605344 -6.459432920191718 2.38052631550226 -0.3948479699605415 -6.459432920191718 2.3805263155022613
P22 -0.23179658076578066 -6.418667340333252 2.3655027775510526 -0.23179658076579046 -6.418667340333252 2.365502777551053
P23 1.1938726960465713 -5.723082737033496 2.109155591463374 1.1938726960465553 -5.723082737033497 2.109155591463373
P24 1.454973519335741 -4.858704407085044 1.7906020301189958 1.4549735193357425 -4.8587044070850425 1.7906020301189955
P25 -0.23179658076579 -6.41866734033325 2.3655027775510535 -0.23179658076579046 -6.418667340333252 2.365502777551053
P26 -0.39484796996053323 -6.459432920191715 2.3805263155022613 -0.3948479699605415 -6.459432920191718 2.3805263155022613
P27 -0.32303944459228356 -6.046469433222791 2.2283348677053363 -0.3230394445922968 -6.046469433222789 2.228334867705336
P28 -0.39484796996054256 -6.459432920191718 2.3805263155022613 -0.3948479699605415 -6.459432920191718 2.3805263155022613
P29 -0.08858097496228066 -6.369245269914211 2.3472890209174975 -0.08858097496228834 -6.36924526991421 2.347289020917501
P30 0.1809041105777728 -6.24731402740982 2.302353105481911 0.18090411057775316 -6.2473140274098204 2.302353105481912
P31 -0.7087613777216414 -6.538112574880693 2.4095225123504815 -0.7087613777216341 -6.538112574880693 2.409522512350479
P32 1.1510017956327494 -5.668664169876322 2.089100451519953 1.1510017956327505 -5.668664169876322 2.089100451519953
P33 -0.01947500977125479 -6.374091684268468 2.349075093634514 -0.019475009771269754 -6.374091684268468 2.349075093634515
P34 0.4838789077417791 -6.0328873223687145 2.223329386154916 0.4838789077417791 -6.032887322368716 2.2233293861549153
P35 1.222639483706598 -5.662252839375568 2.0867376526236723 1.22263948370659 -5.662252839375568 2.0867376526236727
P36 -0.5655457719181367 -6.48869050446165 2.391308755716925 -0.5655457719181339 -6.488690504461652 2.391308755716927
P37 -0.15768359957426134 -6.088274296436809 2.243741417819951 -0.15768359957425826 -6.088274296436809 2.243741417819953
P38 -0.5380635757640388 -6.508854990610756 2.398740072135816 -0.5380635757640426 -6.508854990610758 2.398740072135814
P39 -0.08858097496229071 -6.369245269914215 2.3472890209174984 -0.08858097496228834 -6.36924526991421 2.347289020917501
P40 -0.5380635757640326 -6.508854990610758 2.398740072135815 -0.5380635757640426 -6.508854990610758 2.398740072135814
P41 0.21228376404188612 -5.859745847746397 2.1595207141343624 0.212283764041878 -5.859745847746394 2.1595207141343584
P42 -0.08858097496227893 -6.369245269914211 2.347289020917499 -0.08858097496228834 -6.36924526991421 2.347289020917501
P43 -0.1626906155747769 -6.423513754687509 2.3672888502680673 -0.16269061557477052 -6.423513754687508 2.367288850268067
P44 0.8650327252437919 -5.791637935481608 2.1344205730781005 0.865032725243787 -5.791637935481609 2.134420573078101
P45 -0.5380635757640347 -6.5088549906107565 2.398740072135814 -0.5380635757640426 -6.508854990610758 2.398740072135814
P46 0.48068363462498304 -5.8932718304572 2.1718762080426077 0.4806836346249743 -5.893271830457202 2.1718762080426046
P47 -0.5380635757640467 -6.508854990610756 2.3987400721358147 -0.5380635757640426 -6.508854990610758 2.398740072135814
P48 1.4481718738688885 -4.189678595181046 1.5440426849465603 1.448171873868893 -4.189678595181046 1.5440426849465612
P49 -0.3948479699605439 -6.459432920191715 2.3805263155022627 -0.3948479699605415 -6.459432920191718 2.3805263155022613
P50 -0.09498430103793873 -6.234778338625013 2.297733266959879 -0.09498430103793977 -6.234778338625013 2.297733266959881
