P1 0.0978672595581606 -0.05456395077534239 0.0070657199017215575 -0.020112703169713024 0.07906199240074009 -0.10122582885646088
S1 0.03877163164022794 -0.047992604910221476 -0.025623027864591093 0.01643201097879989 -0.02213362236365541 -0.013878062109114547
S2 0.03877163164022759 -0.04799260491022202 -0.025623027864591332 0.016432010978800607 -0.022133622363655504 -0.01387806210911202
S4 0.0387716316402274 -0.04799260491022228 -0.025623027864591807 0.01643201097880078 -0.02213362236365335 -0.013878062109112188
S5 0.03877163164023023 -0.04799260491022264 -0.025623027864591235 0.01643201097880022 -0.022133622363652627 -0.013878062109113895
S6 0.03877163164022901 -0.047992604910222066 -0.02562302786459056 0.016432010978801544 -0.022133622363653613 -0.01387806210911216
S8 -0.005085429545896136 0.09776923591432116 -0.053959838396694326 -0.1210981040848142 -0.09406084891773703 -0.2351341072165755
S9 0.038771631640227594 -0.04799260491022278 -0.02562302786459089 0.01643201097880044 -0.022133622363652405 -0.013878062109113007
S10 0.050889557947208036 0.020199196130706976 -0.046552221372411266 0.06473312697937963 -0.05974541573976043 0.05759895417935256
S12 0.07862395581224586 0.03243402021258329 0.03529538798171629 0.11913895967322974 -0.11061491083495331 -0.07153988120796945
S13 0.038771631640227976 -0.04799260491022156 -0.0256230278645911 0.016432010978800288 -0.022133622363652794 -0.013878062109114353
S15 0.03877163164022798 -0.04799260491022103 -0.025623027864591308 0.016432010978799233 -0.02213362236365013 -0.013878062109112868
S16 0.017398874069414805 0.03723831767065062 -0.04139346336662564 0.08176200083174448 -0.1987899415827159 0.001728491553241368
S17 -0.006307380194676067 -0.02373167601552881 0.0604470741561301 0.015140653296133566 0.15417959076682297 0.1528026513406509
S18 0.038771631640227934 -0.04799260491022186 -0.02562302786459142 0.01643201097880065 -0.022133622363653516 -0.013878062109113048
S19 0.011470808016677006 -0.012882311287150729 0.03078781552336074 -0.013489843224647247 0.11742149289125414 0.08970595626616032
S20 0.038771631640227934 -0.04799260491022186 -0.02562302786459114 0.016432010978800333 -0.022133622363653765 -0.013878062109113298
S21 0.022741888374567764 0.010566187362474456 0.09470245039747088 0.06150744081288834 0.15154336200481874 0.14288110527835418
S22 0.03877163164022794 -0.047992604910221864 -0.02562302786459128 0.01643201097880037 -0.022133622363653703 -0.01387806210911352
S23 -0.031372094821070756 0.04285637294691675 0.011884099430155892 -0.09212581148759619 0.03042692857962276 0.17272619711200238
S24 -0.011165395552671879 0.020392712621987018 0.012416651114546096 -0.06218915311745615 0.03760060595422232 0.10891685412145902
S25 0.011470808016677006 -0.012882311287150686 0.03078781552336346 -0.013489843224648801 0.11742149289125264 0.0897059562661604
S26 -0.008288506936587623 0.008999079819973194 0.030449872819927906 -0.04260160168323665 0.1111460356899409 0.15263621836711144
S27 -0.0023721497546925732 -0.022176009139544765 0.09238079731290096 0.052481278987652424 0.1801067172098884 0.07147517243321472
S28 0.038771631640227934 -0.047992604910221864 -0.025623027864591315 0.016432010978800635 -0.02213362236365361 -0.013878062109113382
S29 0.038771631640227934 -0.04799260491022186 -0.02562302786459131 0.01643201097880064 -0.0221336223636536 -0.013878062109113423
S30 0.016643578693236686 -0.015413989616637173 -0.04438168483976912 -0.03146261786107228 -0.10256487932314687 0.004074812631685673
S31 -0.11399528717859837 0.14463423025532288 -0.01864314664550318 -0.22146533545659733 0.011243163346206153 -0.02034323307101403
S32 0.03877163164022794 -0.047992604910221864 -0.025623027864591308 0.016432010978800666 -0.02213362236365358 -0.013878062109113139
S33 0.03877163164022794 -0.047992604910221864 -0.025623027864591304 0.016432010978800666 -0.02213362236365358 -0.013878062109113139
S34 -0.010797114381626213 0.0967725304743608 0.1883948784136647 0.027157416488542266 0.16806621025511723 -0.37979543315859865
S35 0.038771631640227934 -0.047992604910221864 -0.025623027864591304 0.016432010978800666 -0.022133622363653585 -0.013878062109113144
S37 0.03877163164022794 -0.047992604910221864 -0.025623027864591304 0.016432010978800666 -0.022133622363653585 -0.013878062109113139
S38 0.011470808016677006 -0.012882311287150684 0.030787815523363477 -0.013489843224648617 0.11742149289125269 0.08970595626616014
S39 -0.08404261844329705 0.1382205932604685 -0.0023764006522250867 -0.17252686371929113 0.048421653524319326 -0.06600201924333211
S40 0.03877163164022794 -0.047992604910221864 -0.025623027864591304 0.016432010978800666 -0.022133622363653585 -0.013878062109113137
S41 0.03877163164022794 -0.047992604910221864 -0.025623027864591304 0.016432010978800666 -0.022133622363653585 -0.013878062109113137
S42 -0.011303147931674268 0.02217878994262364 0.047872525929894875 -0.04067587667797761 0.12351937750062714 -0.019108026061486594
S43 0.03877163164022794 -0.047992604910221864 -0.025623027864591304 0.016432010978800666 -0.022133622363653585 -0.013878062109113137
S44 -0.05047093659608355 0.06413289254207848 0.21733224736337914 0.09647705295858731 0.21689020050665822 -0.2547035754549171
S45 0.0010414745628615652 0.00023356906035634748 -0.05210809774511109 -0.039407202344590636 -0.13852417388096486 0.048011105025128745
S46 0.03877163164022794 -0.047992604910221864 -0.025623027864591304 0.016432010978800666 -0.022133622363653585 -0.013878062109113137
S47 0.016643578693236686 -0.015413989616637173 -0.04438168483976913 -0.03146261786107228 -0.10256487932314688 0.004074812631685802
S48 0.011470808016677006 -0.012882311287150684 0.030787815523363477 -0.013489843224648617 0.11742149289125269 0.08970595626616014
S49 -0.021604520715732562 0.07408666004207135 -0.05546595155118886 -0.039802415049803364 -0.1317301066450997 -0.181453677113256
S50 0.03877163164022794 -0.047992604910221864 -0.02562302786459132 0.016432010978800614 -0.022133622363653637 -0.013878062109113189
P2 0.021781684455843615 0.11795308136697318 -0.016371525088121716 -0.024295823144295826 0.020420401102043104 -0.000313310907187821
S3 -0.05876788986812348 0.3668469748409908 0.04020810007015135 0.08531912028537905 -0.0780527308445745 0.10311724992744159
S7 -0.2244040364085519 0.08938828413140204 -0.19441352360773786 -0.39507505662339887 0.04460089140553219 0.018825647202143275
S11 -0.1559689984967294 0.36452854826817005 0.06251054953802977 0.2870238661206027 -0.14674600665762866 0.13201755852288505
P3 -0.19208567196171736 -0.017814266308987643 -0.005531320590778332 0.08296387855005619 -0.022045504944317937 -0.021439110921525166
S14 -0.4835721534520043 -0.16806282649756915 -0.3251393289162009 0.2875113165487688 0.1348220960040957 -0.07241874580621516
S36 -0.3459933384947362 -0.2628823479460847 0.4552019512346415 -0.09286021034217401 -0.27864550817493816 0.052934101170883
P4 0.048932493538939435 0.03954099630114432 -0.033134400667744666 -0.11036759832997806 0.06801549871254704 -0.0534185086318769
P5 0.05500389340961331 0.02161244443825579 -0.07432263950477691 -0.1578678576365167 0.06257380431566031 0.032887291599387934
P6 0.023579500735285485 0.10141565420820434 -0.058594141305301176 -0.03138164489447994 -0.02499945452125031 0.1281632252756548
P7 -0.19208567196171733 -0.01781426630898763 -0.005531320590778342 0.0829638785500562 -0.022045504944317937 -0.021439110921524947
P8 0.02178168445584359 0.11795308136697319 -0.016371525088121633 -0.024295823144296007 0.02042040110204314 -0.0003133109071879047
P9 0.05431033451009944 0.026490522629469233 -0.10383131661833155 -0.15250811394120928 -0.030380022931202455 -0.013171268478442296
P10 0.057652765534242936 0.09471443146935919 0.04273384888113874 0.07060251620938704 0.05945046143472718 -0.008293737980740536
P11 -0.11764611070246243 0.05548962795964842 -0.16011749356461488 0.11932009317334787 0.09280994666552403 -0.0488925129882723
P12 -0.02688481774291532 -0.11421795159799221 0.12584472631485744 -0.18739482069814412 -0.011180388873893141 -0.08300207582200189
P13 0.04659910488361256 -0.04829811130301601 -0.04290010998008941 -0.18815849878484128 0.17751035304425494 -0.07176952059551713
P14 0.015663110714451027 -0.13799691473642833 0.17743199142871705 -0.07745340244416 0.012228155383238177 -0.07338222469928321
P15 0.067371191404122 -0.04256463431001913 -0.15160308745985612 -0.1995822208468276 -0.0965096162491148 -0.12911740054387943
P16 -0.19208567196171733 -0.017814266308987598 -0.0055313205907783465 0.08296387855005602 -0.022045504944317947 -0.021439110921524954
P17 0.153434200752797 -0.18630741111240465 -0.0730805425530726 0.10464725491014255 -0.017488720627063983 0.31562070376338247
P18 -0.1689725276950329 -0.195415379034097 -0.06519185647779877 -0.046329473363834146 0.017619245468748972 -0.0032748170968626015
P19 0.0873284810570191 0.02087086277533869 0.01695003499103159 0.00392040686844399 0.05467248674549422 -0.06139916853956242
P20 -0.11764611070246243 0.05548962795964842 -0.16011749356461488 0.11932009317334787 0.09280994666552403 -0.0488925129882723
P21 0.02178168445584359 0.11795308136697319 -0.016371525088121633 -0.024295823144296007 0.02042040110204314 -0.0003133109071879047
P22 -0.018329976094604412 0.02501129051207037 0.18914046720561106 0.052871974545170855 -0.10963334842865315 0.01995740024571944
P23 0.05242234931344053 -0.2213178048091103 0.20364086209454405 0.08406662231144121 0.0024327184336645396 0.09625349013583262
P24 0.14636702210546684 -0.1697280388082315 0.07818757874939945 0.18031735578348884 0.27865979728899953 -0.050458581693969204
P25 -0.018329976094604412 0.02501129051207037 0.18914046720561106 0.052871974545170855 -0.10963334842865315 0.01995740024571944
P26 0.02178168445584359 0.11795308136697319 -0.016371525088121633 -0.024295823144296007 0.02042040110204314 -0.0003133109071879047
P27 -0.20412357118133248 -0.1182899126731416 -0.03179720009609401 0.04871458962772818 0.014578660928683589 -0.007356793156053293
P28 0.02178168445584359 0.11795308136697319 -0.016371525088121633 -0.024295823144296007 0.02042040110204314 -0.00031331090718790473
P29 0.0594741511041777 0.10030793915520204 0.03335837308527962 0.08969314554580132 0.006708734762505451 -0.007640591886343994
P30 0.07664333400471537 0.07484474507131442 0.03787474047825303 0.14627804801126076 0.0037322982327065994 -0.0008502551695128731
P31 -0.19208567196171733 -0.017814266308987598 -0.0055313205907783465 0.08296387855005602 -0.022045504944317947 -0.021439110921524954
P32 0.13289056886519313 -0.08229429797281078 -0.06174516605358279 0.10573222243029176 -0.044722797528094965 0.27642435622341577
P33 0.048932493538939255 0.03954099630114428 -0.03313440066774479 -0.11036759832997822 0.06801549871254688 -0.05341850863187743
P34 0.08034212856931366 -0.0034133343013136213 -0.06930236670428029 0.0362218111568832 -0.07704628368320163 0.1743521398197011
P35 0.13838838175120796 -0.12105165924043446 0.0029747056691935055 0.11643915000545323 0.02788429918175144 -0.18521774262046156
P36 -0.11764611070246243 0.05548962795964842 -0.16011749356461488 0.11932009317334788 0.09280994666552403 -0.04889251298827231
P37 0.03191390737691192 0.09548921927354902 -0.12913793054817493 -0.06945999371382201 -0.1324181016618682 0.19595766878924814
P38 -0.054831442943427906 0.043258519791513295 0.13832640842366942 -0.05956054877730421 -0.09486831402686556 0.026925643160919357
P39 0.05947415110417768 0.10030793915520209 0.033358373085279634 0.08969314554580123 0.006708734762505494 -0.00764059188634431
P40 -0.054831442943427906 0.043258519791513315 0.1383264084236693 -0.05956054877730415 -0.09486831402686557 0.026925643160919284
P41 -0.17172323291923383 -0.22105019695945533 -0.12529080274991186 -0.10647269753614341 0.02464725684210936 0.1275430270708167
P42 0.05947415110417769 0.10030793915520207 0.03335837308527962 0.0896931455458013 0.006708734762505537 -0.00764059188634418
P43 -0.02876124676910866 -0.035119331740643196 0.12334397205065915 -0.14509383470218556 -0.04896855781264674 -0.02534115337664673
P44 0.11115101132391719 -0.08797199799843552 0.033299561678383945 0.03099027761089609 0.13144938525049812 -0.13271650085576178
P45 -0.054831442943427906 0.04325851979151332 0.1383264084236694 -0.05956054877730419 -0.09486831402686555 0.026925643160919395
P46 0.05442075065995572 -0.07398356988916611 -0.08446250378809883 -0.16684636313466236 0.11268094556172864 0.12290055976635554
P47 -0.054831442943427906 0.04325851979151333 0.13832640842366942 -0.059560548777304156 -0.09486831402686553 0.026925643160919326
P48 0.16663330216393957 -0.16916882767727157 -0.22176253261637538 0.1045130121789567 -0.4496096435558606 -0.2678031083094359
P49 0.021781684455843477 0.11795308136697313 -0.016371525088121647 -0.024295823144295913 0.020420401102043115 -0.00031331090718794973
P50 0.060981525796890486 0.105510120515758 0.020981676587105327 0.08706857985091997 -0.03274325538290351 -0.05652424804256909
