D1 0.12534271881263373 -0.026969954542054298 0.07503187279547571 -0.03873334198072802 -0.04539146121191747 0.03271302517123312
SE12 -0.015173956825891344 -0.03709534203963366 0.08687667682636845 0.001308974543709887 -0.019117587588158326 0.06158769698151768
SE19 -0.032918090309001224 -0.10290869026373102 0.08654556168218974 -0.0348733930287228 0.032894104252060505 -0.05160813796277394
SE37 -0.05558278056852492 0.008607747057733796 0.08323918443709657 0.001805150746938336 0.08575994813105675 -0.01965480682820968
SE45 -0.055186580028407484 0.006198280740267001 0.08419429005497066 -0.012674005217729475 0.09062765704421857 -0.07780349842823467
SE46 0.0003525584378170077 -0.14010803808555045 0.11883538045074091 -0.09577519715715653 0.08056669355000633 0.01652134856881835
D2 0.09071398756375221 -0.04654268974610164 0.028562057673156838 -0.006658405148353419 -0.08443326425502845 0.10197696854950639
SE29 -0.04495369865966825 -0.11486035552495602 0.08591225556733101 -0.002194965474023286 0.012320223801816882 -0.027459804274179128
SE49 -0.036547454799389256 -0.0938931826611844 -0.06699714457376393 -0.030434504550247307 -0.07741251521270755 -0.0417295724972811
D3 0.14921238545661866 0.030075573273876555 -0.08279479136311804 0.030747871907845965 0.023337948373899617 -0.09260668042179776
SE2 -0.046339593320643024 -0.07675482962201785 0.017847026553871728 0.007407285538624894 0.04462678073812856 0.013012925063102782
SE18 -0.07935669656296439 -0.005610978131765476 0.12086245545000518 0.019677219089095033 0.13120778725325383 -0.07457253066970795
SE22 -0.06830494982123517 0.013463114251929587 0.06340602780576682 0.004349210425668895 0.061958311485006884 -0.11913332157452984
SE36 -0.08822180099428271 0.046441299208664966 -0.07399848793357344 0.05946258050145263 -0.05557513561301572 -0.017238156575161145
D4 0.06228016001030995 -0.013267456996610819 0.06597540364564325 0.024261658581696266 -0.003091008269533957 0.014563106183076158
SE4 -0.08278807577567113 0.003574465354993235 0.05647879661132857 -0.02369070793312339 -0.023441764193304487 -0.060328291975763434
SE14 -0.10805358405203629 0.04010430878589717 0.016265304166063727 0.03834907320174008 0.11211547531459504 -0.01310856842586839
SE21 -0.08897767910650164 -0.0017988723678703626 0.034798091970472164 -0.012323908913556725 -0.08595737357703309 -0.03454173268814133
SE28 -0.08962329540219706 0.009241785824122136 0.06641565690903609 -0.03807678259546743 0.014669649170103886 -0.023483795210221134
SE30 -0.06804214581677677 -0.01776452409862067 0.11414306331628124 0.05906821321490452 0.05535051594256274 -0.09044943761950405
SE35 -0.0508392907545827 -0.08697570545078526 0.07207970295035819 -0.06064291192242188 0.07638311713147355 0.037924277164490455
SE40 -0.07620545298796125 0.03378458691815171 -0.00430791547045686 0.10833588452741935 -0.03852497702678703 0.008086250791155422
SE42 -0.0808514077210184 0.045379826429868694 -0.028703693743354228 0.15057044170076483 -0.013453930352116117 -0.03686431166096405
D5 -0.061120447791425316 0.06824376126381508 -0.035031033057988964 0.12953292118852602 -0.12518142702272078 -0.04647290054402303
SE1 -0.08565902454192378 0.045349070728683084 -0.0934441202050668 -0.03268340917625813 -0.14313163865377804 -0.13024703033164098
SE9 -0.07894540260728666 0.029415477197833682 0.0015926846108263784 -0.018511321930705725 -0.1214746103029116 0.01932338656803398
SE10 -0.0829378824370281 0.06139319301072667 -0.07100299911054112 -0.19903647773568092 -0.08159703284692585 -0.04917324961778621
SE15 -0.11380611871715429 0.07100694469241814 -0.0718010819481569 0.12904018913719664 0.09393571195079811 0.04904207460719734
SE17 -0.05170974283192492 0.027679453626612345 -0.04094376187600315 0.08516207163649903 -0.15158942452495705 -0.12878875664604789
SE26 -0.06981464857838636 0.029550250219303895 -0.006330384838822423 0.0536615758569413 -0.05174898583703956 0.14818087313825268
SE33 -0.1156356433772152 0.009203397751489718 0.07246857981163134 0.056692756480522494 0.0271344217860605 -0.1460405836363421
SE38 -0.10239694773616283 0.02121886953153909 -0.018840963221355356 -0.0448341931286352 -0.06801390129576432 -0.1022208527956518
SE41 -0.12393395619223259 0.06628812834850405 -0.0976839754270447 -0.04053134620516997 -0.026212569566147825 0.12441472794245029
SE43 -0.10271068950554205 0.03181526472293421 -0.003170446111386943 0.03583592965498215 -0.03352651972981482 0.14309339027290038
D6 0.07105588534365452 -0.0054195069059649655 0.05302568616909446 0.02217988501977522 -0.09145341607594289 -0.06643324123788487
D7 0.010179927826473409 -0.02058950515246876 0.11105414588521617 0.010157745642951322 -0.029372263212498168 -0.07250788546025759
SE5 -0.034967127889493736 -0.0015882344879316317 0.047629730471771374 -0.03263711215608793 -0.015038040709835478 -0.007017650628770751
SE7 -0.028548985858009853 -0.011122287053059631 0.01788207273523635 -0.01882301904363406 0.03133649692632036 -0.08065724931062201
D8 -0.04977993743682616 -0.13544110906001525 0.1369813393195577 -0.05541858338961304 0.06788832020438436 -0.12207819406887288
SE34 -0.03658911762784813 -0.2623655494148206 -0.06723238859365929 -0.07320241270874613 0.018341098807936274 -0.03041743371648689
D9 -0.09487366429101582 0.05554006088438834 -0.07081056305755364 0.17112085531898905 0.02181361246382149 0.061788043959036254
SE3 -0.09480537764694995 0.03917296149170462 -0.06636707585195295 0.11451525328440629 -0.04230347003230722 0.016450501201277265
SE8 -0.08740430613703801 0.08002323525890652 -0.08439751717688154 0.054668028847169294 0.1534553288006406 0.04532420242228678
SE16 -0.1083383529039504 0.054688741891059656 -0.07615330847311554 -0.08299032059935388 -0.08026530743247474 -0.05953990949368831
SE25 -0.08659847222698695 0.03861762213572801 -0.07549445674466107 0.021062291381567618 -0.018128832050588586 0.055833741302812046
SE31 -0.12255301014452942 0.03965233144794031 -0.03910930952806119 -0.009081511361386027 -0.07049143862988869 -0.03937924311987529
SE47 -0.0770049537479331 -0.16174250245215216 -0.10383603712242484 0.09115775664595471 -0.03273285741057806 -0.04961727014767906
D10 0.0640509961524619 0.05413357128487399 -0.052980370283354415 0.04710694646788053 0.07053056330487052 -0.042471202423107576
D11 0.15219174699047028 0.0821462211687725 -0.10262526234035678 -0.021432253977811944 0.2102597923802858 -0.1665882975953262
D12 -0.1626496744144563 -0.010654842035308693 0.03383716291100322 0.10263071087453242 -0.10867121129451143 -0.15984213760040533
SE44 -0.10551505598379221 0.0029492604894936977 -0.026283311363262604 0.009157425247910808 -0.12100081795027605 -0.04192397931110923
D13 -0.09019988040001954 0.13375565860718966 -0.1440365917631081 0.022622059556873415 0.2926712985117664 0.26273602632508025
SE6 -0.05107791191236327 0.06365931292714026 -0.05010608647158174 -0.1770606928229797 0.15031411969359842 0.14604797134281114
SE13 -0.10768004244626685 0.08268295276471634 -0.08216257248376097 -0.2371605718336045 0.06132176480216503 0.06319340382880591
SE20 -0.0896998674020261 0.06986701751531824 -0.10433819145277985 -0.19683441137763766 -0.03440655072139426 0.14458024206372883
D14 -0.08334350153952869 0.04498449987794896 0.03204392320570056 -0.34543231054185325 0.07679132363044217 0.04721299313913925
SE11 -0.04627203979873043 0.042690737297572584 -0.06383423694088915 -0.20558576691654384 -0.04460965920296446 -0.030412567236796622
D15 0.00977045696789649 0.09654816991127038 -0.13589353207807262 -0.23675429092971287 0.10607823721506593 0.018129937799807892
SE32 0.0023452763286882367 0.029659938219231997 -0.05178504801004522 -0.10048963104536267 0.0484685354142195 0.008769771300999483
D16 -0.02714626549165208 0.013133379904340032 0.06836438733266624 0.11229122608764579 0.0913742099492215 -0.0767472264987839
D17 -0.09722460713076514 -0.03305046977564275 -0.06025445134919862 0.1712347080294877 0.03219641723382845 0.07361142998943467
SE48 -0.027020221719320385 -0.22667153025851183 -0.17347230735176494 0.08092582719752638 0.006816034636701923 0.021601029296288564
D18 -0.14960518095409667 0.052390492285296734 0.021449948184817373 -0.09983059664914662 0.025439510149916203 0.11982471977577422
SE24 -0.04869553797752325 0.0036909756274345917 0.009321089591980875 -0.08962784112526931 -0.050068866738858964 0.08151445046999611
D19 0.046872083703200305 -0.0538284147123123 0.0704688230590349 -0.013510587076394395 -0.0742273531881693 0.00023061725523354504
D20 0.18864977350141998 0.09465637006865546 -0.17571855304060932 -0.10528946261712288 0.022736387686169663 -0.10743639137261479
D21 0.013333916729206443 -0.05784198350322435 0.12860921702219116 0.0009776338196400222 0.03456261786531684 0.1045758923802721
D22 0.008961367226712228 -0.03812821953820776 0.09054785461927711 0.041393850469589905 0.0026912571276672542 0.03782265221709704
D23 -0.039018690440935776 -0.0904444200967427 0.13344784115846042 -0.02481415762277366 0.09300496373785468 -0.025772082819198065
D24 0.17175447685258405 0.06642882793084014 -0.14783838516945483 0.03781696058188158 -0.12992125924515344 -0.11035680962207642
D25 -0.010638436741464799 0.028186577828261682 -0.0847448998671106 -0.004011927433061591 -0.11112877512378996 0.33931065813445205
D26 -0.010316316417336227 0.004389811613550151 0.01213340697565604 -0.055028048534743315 -0.05320404689304884 -0.024910193901030206
D27 -0.18042954721020185 0.05466402659532567 -0.055501423021850224 -0.23862748395835034 -0.07701223785541492 -0.10912583898397259
D28 0.1289775301492695 -0.0027144926793754363 0.004875241043981979 -0.011705410506643 -0.08397775617286313 0.09657896174589367
D29 0.09954500814066106 0.05239230974541204 -0.0689710267677391 0.08348976050536218 0.012625602636896037 -0.07227447760331786
D30 -0.02499121360042089 -0.11745449304658413 0.10507833397534783 -0.01757365218771376 -0.05300954204551749 -0.014366834935069248
D31 0.03482794984604092 -0.03998858636242055 0.10883965908782618 -0.022401863498112105 0.11527718960626204 0.001985380468686503
D32 -0.03986586192903946 -0.5792911985581266 -0.3314475998717269 -0.023960536869565993 0.09667128459038946 0.008569544237261192
SE50 -0.02108971644766343 -0.39220539617755107 -0.27836261869251583 -0.022413535953107598 0.09734676657628773 0.009135663979783411
D33 -0.0386763433643036 -0.021052086435125218 0.11198484966738176 -0.02245606480869791 0.20528975225889803 -0.04155454120000285
D34 -0.10638459005738334 -0.024212488216396193 0.03421060917425221 -0.03463369006466855 -0.0835905397904106 -0.09002356889037347
D35 -0.07595935081357129 0.07135191931513357 -0.10435392949125004 0.0915344248707911 -0.04006021665079764 -0.05427456315218808
D36 -0.15272688391078154 0.026847146678856147 0.02255921085903431 0.1418439221403181 -0.02500878749409126 0.04027201929499544
D37 -0.08553086372567341 -0.042341253453158686 0.00659734951060255 -0.1499005526684319 -0.16191352024615535 0.07589379925803649
D38 0.06632389048047613 -0.02929289069544515 0.10877242626762888 -0.017302212717443602 -0.09163888472521545 -0.019994906913654496
D39 -0.0555117078273541 -0.0504909156508891 0.1709436274693282 0.008413808835073122 0.08832654814965679 -0.04642100310645483
D40 0.0909553887547105 -0.0050220855212499815 0.058660890452705304 -0.015735679829455895 0.09654471825971102 0.028634624170129144
D41 0.09609512593283397 -0.001122055650064854 0.01421234887465727 0.0031569492053598997 -0.026980487471477126 0.024955549054697365
D42 0.0830276814279641 0.028454113974354014 0.018326877953260302 0.08021228135030677 -0.02643109142684581 0.2237695195188007
D43 -0.2571222365317108 0.1080374232761195 -0.12192172039226552 -0.07740946329735983 -0.14061736928511887 -0.06453160651155854
D44 -0.08380061889929208 0.05227147764575604 0.050920883726496904 0.11264244429764594 0.22278098153022585 -0.08941842959197746
D45 0.035781480462405056 -0.026498232627418287 0.0889969297302834 -0.007073349355852817 -0.049098612946985226 0.1413418839961601
D46 0.11439873575007312 -0.08521549197883797 0.013238435799154744 0.000724396758310628 -0.1076507037842216 0.035653156061013366
D47 0.0444978283604367 -0.04823155495324109 0.14071839729574967 -0.028645661875094888 0.012655912390785874 0.04866118866477115
D48 -0.09611993123724354 -0.01973853013422202 0.07672891568460705 -0.012014940846009186 0.04975190577162324 -0.03180492945963539
D49 -0.12374205488673938 -0.036624109572987215 -0.09170704361190299 0.16842465455158692 -0.060034304174868144 -0.04526145347451953
D50 -0.03362977464053196 0.019210961133826653 0.026236739530072998 0.12203545830904082 0.07582943335974984 0.06721852127500724
S1 0.06043220471681799 0.03187071178867588 0.01682512379186855 0.04859357469339082 0.0487101190770335 0.010834639770436763
S2 0.06514253285106117 -0.024870706845815233 0.08698750480517685 -0.02590522885023676 -0.03745675232023553 0.02853591212644225
S3 0.0781504126684955 0.0234730741140059 -0.02753056012474832 -0.03795688838104307 0.018005616478147937 -0.08015911794813382
S4 0.062256865094943326 0.0036369256928477822 0.0349873193506815 0.03406220376717962 -0.03624163895468848 0.09876045232004249
S5 0.09745946508587798 -0.07576822934689093 -0.06058307382695418 -0.03200174204362573 -0.05078406969789981 -0.026536589181629877
S8 0.04398125059868995 -0.053527949397736474 -0.037223676492983915 0.056810869284544645 -0.03873931362993969 0.16484185384438246
S9 0.0486384746847292 0.041087827518167565 -0.07199918241851005 0.06465734328651775 0.026019559112947396 0.06217998485798817
S13 0.02449385295138997 -0.005247528706498042 0.07792527161801711 0.029353206367573697 0.04086539185151529 0.03919618406114772
S15 0.06523129843465988 0.009959700859871265 0.007629166898183597 -0.018443667219427255 -0.042351147086775585 -0.019923188694006003
S16 0.09145702165093177 0.0006452886015791482 0.0407282571025573 -0.07481901279121332 0.007076013587305158 -0.021789417980534725
S18 0.06809254627753901 -0.019456026944147668 0.06726826708674825 -0.03527759570632552 -0.009721967439170911 0.02415978783871978
S21 0.0961958241284158 -0.007350618634181983 0.04078655605759094 -0.0439451410344594 -0.04132538398423561 0.04656403398347756
S24 0.08156868423685312 0.00047328299195935016 0.025564283872945567 -0.0013119820775203113 -0.0563196589343689 0.07708713684958246
S25 0.05351235375315149 -0.06871692796237966 -0.004111733200361248 -0.027532855077542252 -0.06000321824381462 0.045446378840718
S28 0.11661541225240679 0.02338315187371147 -0.03124894237082097 -0.02543990291543474 -0.043444698205659486 0.0032875489672576077
S29 0.04813996921098765 0.0032882755586001802 0.0004770932174540744 -0.013762731602101503 -0.032836100816939336 0.051051075079554246
S35 0.09526370339034998 0.010354892018441258 0.030056787911217794 -0.038498336993902926 -0.04889338353408871 -0.0017145214149363736
S37 0.04656871436656465 0.025965352258868014 0.020705853417703233 0.06075809399689836 0.06040342558143787 -0.045759656997822105
S40 0.08017305483796258 0.0005338274231722473 0.013248282095826246 0.011616376479656977 -0.09734204599506562 0.09216708738730135
S43 0.019424196132293063 0.0023324538587519436 0.03958334577917863 0.06589388912016746 -0.04231795145267939 0.11288247386472518
S44 0.0769802569801253 0.033340142400839365 -0.0446814658156476 -0.015169560332108936 -0.007748745551011366 -0.11490454825064006
S45 0.05166628331200768 0.008968908641122028 0.03414928826013229 -0.028603295255101843 -0.022937864759736547 0.07508766478606804
S47 0.10712173715628466 0.0009159453943500158 0.01495139864999886 -0.0160959476492568 -0.047295221388411246 -0.03254565090076977
S48 0.08262790235290979 -0.017260524470626374 0.04388160508803139 -0.023283473985710956 -0.0365214524710378 -0.08370736971898635
S49 0.08668651275969613 -0.0033452289108028633 0.023336740912303876 -0.004864555353251798 -0.061655193775124156 0.0477239468092794
S50 0.03232225760700858 -0.08800484824212118 0.04947286753822052 0.01670128443911643 -0.008341372655974911 0.01521524892822174
S14 0.07665042699041681 0.022175538666704735 -0.034327098476322836 -0.06141938523618307 0.05034316372373206 -0.004862552122457075
S22 0.09757778888142968 0.02424603877802307 -0.04220878642267993 0.04145531570903973 -0.0907857931070068 0.014292204666989175
S6 0.06869037386147345 0.01982317870464067 0.023897638640626988 -0.09018709728259451 0.07323694534815657 0.006737809807564776
S10 0.07962814202528579 0.05668199750489689 -0.12218945968574008 0.0223557894459331 0.01685878951745831 -0.1363845450639951
S17 0.07567490645543584 0.06594073969330222 -0.13185682634622578 -0.008513497579448335 0.04407326573197128 -0.12287659499014324
S19 0.02203337583952564 0.044347283418612014 -0.03963748000577037 0.050356754114307165 -0.0095537646869127 0.04010402675360495
S23 0.07575815511561008 0.061039241201565314 -0.08955106599314348 -0.015518283591845141 0.05716808522401232 -0.007985700497269356
S26 0.09705500512849739 0.02290235530530527 -0.03652930324276079 -0.019886823837832225 -0.006993254356042923 -0.09070793398370836
S30 0.056148086511276264 0.03234340384655352 -0.05622223805301066 0.0635347793873574 -0.05689184771398139 -0.07445659924944287
S31 0.0335641275431074 0.05646050072082538 -0.08839716394994458 0.020284331230248982 0.16799969631756023 0.008437854366822525
S33 0.03547026308960089 0.058747544336349725 -0.11201623745183721 0.12642987741192485 -0.03623044915894425 0.0787049424772727
S34 0.07498940338173106 -0.0047675063317259144 -0.011492042678857844 0.01663903379134944 -0.10041912345233274 -0.06491898621841062
S38 0.03753261679212991 0.05583705711822919 -0.12160455131132274 0.07117237693705045 0.08870996692441922 -0.017236333022265425
S41 0.0459848188861357 0.06598781861247041 -0.11059812433578535 0.05217253135680776 0.10071842709554835 -0.022933788353050343
S42 0.06286799552920505 0.053363516374425095 -0.0976728221561488 0.04329532632617716 0.027255659129123182 -0.10207936668975326
S46 0.05964895576156485 0.03618554524091412 -0.033871311122281804 -0.03482906924356848 0.06059934582573502 -0.08916539168467404
S39 -0.00013396097998359433 0.04129461776873514 -0.02667890609713385 0.1424341290986349 0.10345583224015567 0.10100722168833692
S7 -0.017283117701199367 0.024697077659194516 -0.01572588000740608 0.06476792280312307 -0.06737983094533215 -0.026481839518844575
S32 0.06883074355993125 0.0436072608588331 -0.04787580190537198 -0.10580837697588898 0.0030327160425441422 -0.05951651397394041
S20 0.03512291408956333 0.0455955878028659 -0.01950574118450887 0.023523750706772383 0.21940987421775393 0.0665785674051207
S12 0.029158448535904862 0.0399694196123669 -0.0660566031160711 -0.07790476271040567 0.10659163904013333 -0.0544585379087639
S36 0.06522053646364959 0.04321909227466886 -0.08521726225170485 -0.04407415008670994 0.0809728024068476 -0.1039494234769363
S27 0.07184566688567037 0.019658326523388905 -0.09169913336957179 -0.015385688029127582 -0.11045239669574813 0.11527438073426467
